1249
1259
1269
1429
1459
1489
1529
1549
1569
1589
1629
1639
1659
1689
1849
1859
1869
1879
2149
2159
2169
2189
2349
2359
2369
2389
2459
2489
2519
2549
2569
2589
2639
2659
2689
2749
2759
2769
2789
3249
3259
3269
3429
3459
3489
3519
3529
3549
3569
3589
3629
3659
3689
3849
3859
3869
3879
4129
4159
4169
4189
4259
4269
4329
4359
4369
4389
4519
4529
4569
4589
4729
4759
4769
4789
4859
4869
4879
5129
5149
5169
5189
5219
5249
5269
5289
5329
5349
5369
5389
5419
5429
5469
5489
5619
5629
5639
5649
5689
5729
5749
5769
5789
5819
5829
5849
5869
5879
6129
6149
6159
6189
6239
6249
6259
6329
6349
6359
6389
6519
6529
6539
6549
6589
6729
6749
6759
6789
6839
6849
6859
6879
7249
7259
7269
7429
7459
7489
7519
7529
7549
7569
7589
7629
7639
7659
7689
7849
7859
7869
8129
8149
8159
8169
8329
8349
8359
8369
8429
8459
8479
8519
8529
8549
8569
8579
8629
8639
8659
8679
8729
8749
8759
8769
